0.000000 0123456789123456
100.000000 1123456789123456
200.000000 2123456789123456
300.000000 3123456789123456
400.000000 4123456789123456
500.000000 5123456789123456
600.000000 6123456789123456
700.000000 7123456789123456
800.000000 8123456789123456
900.000000 9123456789123456
1000.000000 10123456789123456
1100.000000 11123456789123456
1200.000000 12123456789123456
1300.000000 13123456789123456
1400.000000 14123456789123456
1500.000000 15123456789123456
1600.000000 16123456789123456
1700.000000 17123456789123456
1800.000000 18123456789123456
1900.000000 19123456789123456
2000.000000 20123456789123456
2100.000000 21123456789123456
2200.000000 22123456789123456
2300.000000 23123456789123456
2400.000000 24123456789123456
2500.000000 25123456789123456
2600.000000 26123456789123456
2700.000000 27123456789123456
2800.000000 28123456789123456
2900.000000 29123456789123456
3000.000000 30123456789123456
3100.000000 31123456789123456
3200.000000 32123456789123456
3300.000000 33123456789123456
3400.000000 34123456789123456
3500.000000 35123456789123456
3600.000000 36123456789123456
3700.000000 37123456789123456
3800.000000 38123456789123456
3900.000000 39123456789123456
4000.000000 40123456789123456
4100.000000 41123456789123456
4200.000000 42123456789123456
4300.000000 43123456789123456
4400.000000 44123456789123456
4500.000000 45123456789123456
4600.000000 46123456789123456
4700.000000 47123456789123456
4800.000000 48123456789123456
4900.000000 49123456789123456
5000.000000 50123456789123456
5100.000000 51123456789123456
5200.000000 52123456789123456
5300.000000 53123456789123456
5400.000000 54123456789123456
5500.000000 55123456789123456
5600.000000 56123456789123456
5700.000000 57123456789123456
5800.000000 58123456789123456
5900.000000 59123456789123456
6000.000000 60123456789123456
6100.000000 61123456789123456
6200.000000 62123456789123456
6300.000000 63123456789123456
6400.000000 64123456789123456
6500.000000 65123456789123456
6600.000000 66123456789123456
6700.000000 67123456789123456
6800.000000 68123456789123456
6900.000000 69123456789123456
7000.000000 70123456789123456
7100.000000 71123456789123456
7200.000000 72123456789123456
7300.000000 73123456789123456
7400.000000 74123456789123456
7500.000000 75123456789123456
7600.000000 76123456789123456
7700.000000 77123456789123456
7800.000000 78123456789123456
7900.000000 79123456789123456
8000.000000 80123456789123456
8100.000000 81123456789123456
8200.000000 82123456789123456
8300.000000 83123456789123456
8400.000000 84123456789123456
8500.000000 85123456789123456
8600.000000 86123456789123456
8700.000000 87123456789123456
8800.000000 88123456789123456
8900.000000 89123456789123456
9000.000000 90123456789123456
9100.000000 91123456789123456
9200.000000 92123456789123456
9300.000000 93123456789123456
9400.000000 94123456789123456
9500.000000 95123456789123456
9600.000000 96123456789123456
9700.000000 97123456789123456
9800.000000 98123456789123456
9900.000000 99123456789123456
10000.000000 100123456789123456
10100.000000 101123456789123456
10200.000000 102123456789123456
10300.000000 103123456789123456
10400.000000 104123456789123456
10500.000000 105123456789123456
10600.000000 106123456789123456
10700.000000 107123456789123456
10800.000000 108123456789123456
10900.000000 109123456789123456
11000.000000 110123456789123456
11100.000000 111123456789123456
11200.000000 112123456789123456
11300.000000 113123456789123456
11400.000000 114123456789123456
11500.000000 115123456789123456
11600.000000 116123456789123456
11700.000000 117123456789123456
11800.000000 118123456789123456
11900.000000 119123456789123456
12000.000000 120123456789123456
12100.000000 121123456789123456
12200.000000 122123456789123456
12300.000000 123123456789123456
12400.000000 124123456789123456
12500.000000 125123456789123456
12600.000000 126123456789123456
12700.000000 127123456789123456
12800.000000 128123456789123456
12900.000000 129123456789123456
13000.000000 130123456789123456
13100.000000 131123456789123456
13200.000000 132123456789123456
13300.000000 133123456789123456
13400.000000 134123456789123456
13500.000000 135123456789123456
13600.000000 136123456789123456
13700.000000 137123456789123456
13800.000000 138123456789123456
13900.000000 139123456789123456
14000.000000 140123456789123456
14100.000000 141123456789123456
14200.000000 142123456789123456
14300.000000 143123456789123456
14400.000000 144123456789123456
14500.000000 145123456789123456
14600.000000 146123456789123456
14700.000000 147123456789123456
14800.000000 148123456789123456
14900.000000 149123456789123456
15000.000000 150123456789123456
15100.000000 151123456789123456
15200.000000 152123456789123456
15300.000000 153123456789123456
15400.000000 154123456789123456
15500.000000 155123456789123456
15600.000000 156123456789123456
15700.000000 157123456789123456
15800.000000 158123456789123456
15900.000000 159123456789123456
16000.000000 160123456789123456
16100.000000 161123456789123456
16200.000000 162123456789123456
16300.000000 163123456789123456
16400.000000 164123456789123456
16500.000000 165123456789123456
16600.000000 166123456789123456
16700.000000 167123456789123456
16800.000000 168123456789123456
16900.000000 169123456789123456
17000.000000 170123456789123456
17100.000000 171123456789123456
17200.000000 172123456789123456
17300.000000 173123456789123456
17400.000000 174123456789123456
17500.000000 175123456789123456
17600.000000 176123456789123456
17700.000000 177123456789123456
17800.000000 178123456789123456
17900.000000 179123456789123456
18000.000000 180123456789123456
18100.000000 181123456789123456
18200.000000 182123456789123456
18300.000000 183123456789123456
18400.000000 184123456789123456
18500.000000 185123456789123456
18600.000000 186123456789123456
18700.000000 187123456789123456
18800.000000 188123456789123456
18900.000000 189123456789123456
19000.000000 190123456789123456
19100.000000 191123456789123456
19200.000000 192123456789123456
19300.000000 193123456789123456
19400.000000 194123456789123456
19500.000000 195123456789123456
19600.000000 196123456789123456
19700.000000 197123456789123456
19800.000000 198123456789123456
19900.000000 199123456789123456
20000.000000 200123456789123456
20100.000000 201123456789123456
20200.000000 202123456789123456
20300.000000 203123456789123456
20400.000000 204123456789123456
20500.000000 205123456789123456
20600.000000 206123456789123456
20700.000000 207123456789123456
20800.000000 208123456789123456
20900.000000 209123456789123456
21000.000000 210123456789123456
21100.000000 211123456789123456
21200.000000 212123456789123456
21300.000000 213123456789123456
21400.000000 214123456789123456
21500.000000 215123456789123456
21600.000000 216123456789123456
21700.000000 217123456789123456
21800.000000 218123456789123456
21900.000000 219123456789123456
22000.000000 220123456789123456
22100.000000 221123456789123456
22200.000000 222123456789123456
22300.000000 223123456789123456
22400.000000 224123456789123456
22500.000000 225123456789123456
22600.000000 226123456789123456
22700.000000 227123456789123456
22800.000000 228123456789123456
22900.000000 229123456789123456
23000.000000 230123456789123456
23100.000000 231123456789123456
23200.000000 232123456789123456
23300.000000 233123456789123456
23400.000000 234123456789123456
23500.000000 235123456789123456
23600.000000 236123456789123456
23700.000000 237123456789123456
23800.000000 238123456789123456
23900.000000 239123456789123456
24000.000000 240123456789123456
24100.000000 241123456789123456
24200.000000 242123456789123456
24300.000000 243123456789123456
24400.000000 244123456789123456
24500.000000 245123456789123456
24600.000000 246123456789123456
24700.000000 247123456789123456
24800.000000 248123456789123456
24900.000000 249123456789123456
25000.000000 250123456789123456
25100.000000 251123456789123456
25200.000000 252123456789123456
25300.000000 253123456789123456
25400.000000 254123456789123456
